u[0] = 0.000000 
u[1] = 0.000000 
u[2] = 0.000000 
u[3] = 0.000000 
u[4] = 0.000000 
u[5] = 0.055556 
u[6] = -0.055555 
u[7] = 0.000000 
u[8] = 0.000000 
u[9] = -0.055555 
u[10] = 0.055556 
u[11] = 0.000000 
u[12] = 0.000000 
u[13] = 0.000000 
u[14] = 0.000000 
u[15] = 0.000000 
